00100001010100100000000000000000
00100001011100110000000000000000
00000000000000001010100000100000
00010010101010010000000000000110
10001110010101000000000000000000
10101110011101000000000000000000
00100010010100100000000000000100
00100010011100110000000000000100
00100010101101010000000000000001
00001000000100000000000000000011
00000000000000001011000000100000
00010010110010010000000000011000
00000000000101100110100010000000
00000001101010110110100000100000
10001101101100000000000000000000
00100010110100010000000000000000
00100010110101110000000000000001
00010010111010010000000000001011
00000000000101110111100010000000
00000001111010110111100000100000
10001101111110010000000000000000
00000011001100001010000000101010
00100000000101010000000000000001
00010010100101010000000000000010
00100010111101110000000000000001
00001000000100000000000000010001
00100011001100000000000000000000
00100010111100010000000000000000
00001000000100000000000000011000
10001101101100100000000000000000
10101101101100000000000000000000
00000000000100011010100010000000
00000010101010111010100000100000
10101110101100100000000000000000
00100010110101100000000000000001
00001000000100000000000000001011

